930	1621	2036	2908	3669	
Key=2036
930	1621	2036	2908	3669	
Key=1621
930	1621	2036	2908	3669	
Key=9999
841	1451	1788	2386	2827	2921	3701	4627	5023	5833	
Key=2827
841	1451	1788	2386	2827	2921	3701	4627	5023	5833	
Key=1788
841	1451	1788	2386	2827	2921	3701	4627	5023	5833	
Key=9999
788	947	1752	2736	2750	3576	3789	3872	4026	4213	4554	5100	5437	6090	6309	
Key=3872
788	947	1752	2736	2750	3576	3789	3872	4026	4213	4554	5100	5437	6090	6309	
Key=2736
788	947	1752	2736	2750	3576	3789	3872	4026	4213	4554	5100	5437	6090	6309	
Key=9999
860	1311	1965	2443	3037	3413	4104	5060	5520	5814	6576	7456	7463	8400	9166	9656	10063	10475	10933	11859	
Key=5814
860	1311	1965	2443	3037	3413	4104	5060	5520	5814	6576	7456	7463	8400	9166	9656	10063	10475	10933	11859	
Key=3037
860	1311	1965	2443	3037	3413	4104	5060	5520	5814	6576	7456	7463	8400	9166	9656	10063	10475	10933	11859	
Key=9999
426	966	1680	1916	2661	3075	4074	4919	5006	5226	6072	6390	6687	7462	7474	7602	8405	9276	10172	10483	10486	10615	10727	11279	12110	
Key=6687
426	966	1680	1916	2661	3075	4074	4919	5006	5226	6072	6390	6687	7462	7474	7602	8405	9276	10172	10483	10486	10615	10727	11279	12110	
Key=4074
426	966	1680	1916	2661	3075	4074	4919	5006	5226	6072	6390	6687	7462	7474	7602	8405	9276	10172	10483	10486	10615	10727	11279	12110	
Key=9999
383	1175	1497	1765	1830	2583	3256	3732	4526	5517	5593	6584	7563	8224	8567	9385	9748	10322	10525	10854	11304	11840	12099	12368	12663	12685	13517	14172	15048	15957	
Key=8567
383	1175	1497	1765	1830	2583	3256	3732	4526	5517	5593	6584	7563	8224	8567	9385	9748	10322	10525	10854	11304	11840	12099	12368	12663	12685	13517	14172	15048	15957	
Key=3732
383	1175	1497	1765	1830	2583	3256	3732	4526	5517	5593	6584	7563	8224	8567	9385	9748	10322	10525	10854	11304	11840	12099	12368	12663	12685	13517	14172	15048	15957	
Key=9999
104	739	1147	1874	2207	2851	3508	4237	4851	5159	5625	5951	6550	6577	6638	7613	7699	8533	9223	9722	10704	11144	11798	12312	13047	13460	13852	14175	14934	14981	15443	15908	15938	16145	16519	
Key=8533
104	739	1147	1874	2207	2851	3508	4237	4851	5159	5625	5951	6550	6577	6638	7613	7699	8533	9223	9722	10704	11144	11798	12312	13047	13460	13852	14175	14934	14981	15443	15908	15938	16145	16519	
Key=4851
104	739	1147	1874	2207	2851	3508	4237	4851	5159	5625	5951	6550	6577	6638	7613	7699	8533	9223	9722	10704	11144	11798	12312	13047	13460	13852	14175	14934	14981	15443	15908	15938	16145	16519	
Key=9999
295	466	703	1504	2045	2690	3333	3450	4292	5133	5908	5914	6825	6916	6945	6969	7184	8162	8169	8621	9105	9844	10719	11372	12048	12186	12807	13498	13914	14886	15069	15627	16247	16324	16462	17285	17875	18664	18941	19053	
Key=8621
295	466	703	1504	2045	2690	3333	3450	4292	5133	5908	5914	6825	6916	6945	6969	7184	8162	8169	8621	9105	9844	10719	11372	12048	12186	12807	13498	13914	14886	15069	15627	16247	16324	16462	17285	17875	18664	18941	19053	
Key=5133
295	466	703	1504	2045	2690	3333	3450	4292	5133	5908	5914	6825	6916	6945	6969	7184	8162	8169	8621	9105	9844	10719	11372	12048	12186	12807	13498	13914	14886	15069	15627	16247	16324	16462	17285	17875	18664	18941	19053	
Key=9999
331	889	1055	1184	1329	1503	2316	2775	2845	3509	4417	5282	5350	5657	6001	6356	6719	7228	8130	8343	8881	9086	9234	9715	10298	10764	11675	11703	12214	12451	13371	13525	13879	14813	14854	15579	16083	16381	16673	17358	17541	18196	18567	19274	20109	
Key=9234
331	889	1055	1184	1329	1503	2316	2775	2845	3509	4417	5282	5350	5657	6001	6356	6719	7228	8130	8343	8881	9086	9234	9715	10298	10764	11675	11703	12214	12451	13371	13525	13879	14813	14854	15579	16083	16381	16673	17358	17541	18196	18567	19274	20109	
Key=5282
331	889	1055	1184	1329	1503	2316	2775	2845	3509	4417	5282	5350	5657	6001	6356	6719	7228	8130	8343	8881	9086	9234	9715	10298	10764	11675	11703	12214	12451	13371	13525	13879	14813	14854	15579	16083	16381	16673	17358	17541	18196	18567	19274	20109	
Key=9999
497	743	1446	1914	2561	2831	3426	3640	4565	4759	5486	5521	6249	6569	6789	7786	7805	8280	8530	9022	9486	10416	10494	10677	10900	11683	12484	12524	13407	14308	14686	15023	15973	16047	16093	16387	16827	17710	18585	18621	19549	20392	20885	21365	21789	21923	22458	22733	22943	23895	
Key=10900
497	743	1446	1914	2561	2831	3426	3640	4565	4759	5486	5521	6249	6569	6789	7786	7805	8280	8530	9022	9486	10416	10494	10677	10900	11683	12484	12524	13407	14308	14686	15023	15973	16047	16093	16387	16827	17710	18585	18621	19549	20392	20885	21365	21789	21923	22458	22733	22943	23895	
Key=6249
497	743	1446	1914	2561	2831	3426	3640	4565	4759	5486	5521	6249	6569	6789	7786	7805	8280	8530	9022	9486	10416	10494	10677	10900	11683	12484	12524	13407	14308	14686	15023	15973	16047	16093	16387	16827	17710	18585	18621	19549	20392	20885	21365	21789	21923	22458	22733	22943	23895	
Key=9999
