Array before sorting: 30 121 136 208 269 310 320 357 455 496 
Array after sorting: 30 121 136 208 269 310 320 357 455 496 

Array before sorting: 94 80 26 96 10 88 59 5 84 14 
Array after sorting: 5 10 14 26 59 80 84 88 94 96 

Array before sorting: 459 440 387 350 304 263 176 122 39 26 
Array after sorting: 26 39 122 176 263 304 350 387 440 459 


Array before sorting: 60 111 165 243 337 413 504 560 620 714 776 856 863 900 966 1056 1063 1075 1133 1159 
Array after sorting: 60 111 165 243 337 413 504 560 620 714 776 856 863 900 966 1056 1063 1075 1133 1159 

Array before sorting: 26 40 14 36 45 14 99 45 87 20 46 18 97 75 12 28 3 71 96 11 
Array after sorting: 3 11 12 14 14 18 20 26 28 36 40 45 45 46 71 75 87 96 97 99 

Array before sorting: 1194 1151 1090 1011 920 844 753 659 583 510 457 392 324 302 210 127 96 44 32 3 
Array after sorting: 3 32 44 96 127 210 302 324 392 457 510 583 659 753 844 920 1011 1090 1151 1194 


Array before sorting: 18 81 155 158 187 237 273 332 401 496 518 550 605 681 690 694 729 737 764 797 841 898 927 941 949 1015 1041 1140 1167 1228 
Array after sorting: 18 81 155 158 187 237 273 332 401 496 518 550 605 681 690 694 729 737 764 797 841 898 927 941 949 1015 1041 1140 1167 1228 

Array before sorting: 75 86 34 90 99 82 40 54 14 35 13 92 23 59 47 62 65 30 7 74 95 71 37 1 41 45 43 17 42 41 
Array after sorting: 1 7 13 14 17 23 30 34 35 37 40 41 41 42 43 45 47 54 59 62 65 71 74 75 82 86 90 92 95 99 

Array before sorting: 1520 1508 1431 1342 1252 1229 1191 1114 1094 1036 953 881 865 774 753 715 639 586 511 472 388 336 329 251 236 212 183 92 81 75 
Array after sorting: 75 81 92 183 212 236 251 329 336 388 472 511 586 639 715 753 774 865 881 953 1036 1094 1114 1191 1229 1252 1342 1431 1508 1520 


Array before sorting: 31 89 155 184 229 303 316 375 445 509 517 582 650 657 701 756 819 828 830 843 881 886 934 1015 1098 1164 1175 1203 1214 1251 1271 1325 1379 1413 1454 1479 1483 1581 1673 1758 
Array after sorting: 31 89 155 184 229 303 316 375 445 509 517 582 650 657 701 756 819 828 830 843 881 886 934 1015 1098 1164 1175 1203 1214 1251 1271 1325 1379 1413 1454 1479 1483 1581 1673 1758 

Array before sorting: 83 55 71 7 35 97 46 3 68 47 70 95 14 25 94 27 35 28 20 20 97 19 75 50 92 64 30 78 83 23 83 1 40 83 1 78 37 50 74 46 
Array after sorting: 1 1 3 7 14 19 20 20 23 25 27 28 30 35 35 37 40 46 46 47 50 50 55 64 68 70 71 74 75 78 78 83 83 83 83 92 94 95 97 97 

Array before sorting: 1982 1960 1905 1825 1794 1748 1745 1707 1692 1625 1531 1523 1446 1396 1371 1322 1247 1218 1123 1064 988 898 890 886 864 802 750 740 665 630 596 572 492 399 356 328 292 217 134 94 
Array after sorting: 94 134 217 292 328 356 399 492 572 596 630 665 740 750 802 864 886 890 898 988 1064 1123 1218 1247 1322 1371 1396 1446 1523 1531 1625 1692 1707 1745 1748 1794 1825 1905 1960 1982 


Array before sorting: 31 45 80 177 198 245 250 291 376 421 459 509 519 609 700 721 803 871 904 989 1085 1125 1170 1264 1278 1349 1350 1411 1422 1452 1498 1516 1580 1673 1745 1827 1836 1841 1887 1948 1992 2050 2090 2180 2277 2363 2371 2413 2477 2494 
Array after sorting: 31 45 80 177 198 245 250 291 376 421 459 509 519 609 700 721 803 871 904 989 1085 1125 1170 1264 1278 1349 1350 1411 1422 1452 1498 1516 1580 1673 1745 1827 1836 1841 1887 1948 1992 2050 2090 2180 2277 2363 2371 2413 2477 2494 

Array before sorting: 76 15 88 66 45 98 77 29 14 15 59 87 39 97 12 37 63 84 99 10 23 83 85 10 28 93 47 64 38 34 33 61 77 73 37 20 54 12 98 76 96 50 55 8 15 77 19 32 55 85 
Array after sorting: 8 10 10 12 12 14 15 15 15 19 20 23 28 29 32 33 34 37 37 38 39 45 47 50 54 55 55 59 61 63 64 66 73 76 76 77 77 77 83 84 85 85 87 88 93 96 97 98 98 99 

Array before sorting: 2372 2356 2320 2282 2260 2255 2238 2162 2117 2053 2015 2001 1903 1896 1870 1774 1736 1653 1556 1526 1510 1426 1415 1363 1332 1293 1238 1200 1101 1060 1046 986 970 880 784 724 648 563 514 471 392 390 384 345 285 226 151 135 85 62 
Array after sorting: 62 85 135 151 226 285 345 384 390 392 471 514 563 648 724 784 880 970 986 1046 1060 1101 1200 1238 1293 1332 1363 1415 1426 1510 1526 1556 1653 1736 1774 1870 1896 1903 2001 2015 2053 2117 2162 2238 2255 2260 2282 2320 2356 2372 


Array before sorting: 48 114 197 232 249 261 337 409 435 449 499 555 567 615 650 690 705 739 741 749 817 894 916 988 1053 1056 1067 1086 1155 1165 1191 1248 1285 1382 1450 1493 1567 1637 1671 1709 1776 1851 1878 1910 1946 2011 2091 2162 2197 2286 2360 2418 2465 2480 2498 2523 2554 2619 2654 2702 
Array after sorting: 48 114 197 232 249 261 337 409 435 449 499 555 567 615 650 690 705 739 741 749 817 894 916 988 1053 1056 1067 1086 1155 1165 1191 1248 1285 1382 1450 1493 1567 1637 1671 1709 1776 1851 1878 1910 1946 2011 2091 2162 2197 2286 2360 2418 2465 2480 2498 2523 2554 2619 2654 2702 

Array before sorting: 7 47 79 1 19 72 13 54 8 58 38 48 29 44 23 31 94 1 10 66 64 87 40 29 51 94 88 78 92 39 60 91 85 52 85 21 87 56 54 68 84 90 7 32 71 63 32 13 82 19 63 99 93 87 49 39 50 92 73 95 
Array after sorting: 1 1 7 7 8 10 13 13 19 19 21 23 29 29 31 32 32 38 39 39 40 44 47 48 49 50 51 52 54 54 56 58 60 63 63 64 66 68 71 72 73 78 79 82 84 85 85 87 87 87 88 90 91 92 92 93 94 94 95 99 

Array before sorting: 2743 2685 2653 2576 2572 2571 2517 2477 2428 2366 2348 2335 2256 2250 2210 2139 2119 2076 2013 1992 1898 1815 1779 1743 1738 1644 1596 1589 1529 1503 1404 1385 1318 1298 1210 1152 1143 1110 1104 1070 1047 986 963 926 870 815 792 757 677 581 527 451 443 389 321 255 184 181 105 67 
Array after sorting: 67 105 181 184 255 321 389 443 451 527 581 677 757 792 815 870 926 963 986 1047 1070 1104 1110 1143 1152 1210 1298 1318 1385 1404 1503 1529 1589 1596 1644 1738 1743 1779 1815 1898 1992 2013 2076 2119 2139 2210 2250 2256 2335 2348 2366 2428 2477 2517 2571 2572 2576 2653 2685 2743 


Array before sorting: 8 81 180 274 328 405 449 483 564 573 603 654 689 773 854 856 904 934 991 1012 1084 1158 1179 1203 1232 1331 1426 1449 1535 1542 1600 1699 1744 1785 1826 1848 1938 2031 2112 2199 2274 2333 2337 2337 2407 2437 2507 2604 2676 2734 2773 2828 2927 3009 3010 3086 3152 3172 3179 3267 3329 3422 3489 3498 3510 3606 3650 3660 3753 3790 
Array after sorting: 8 81 180 274 328 405 449 483 564 573 603 654 689 773 854 856 904 934 991 1012 1084 1158 1179 1203 1232 1331 1426 1449 1535 1542 1600 1699 1744 1785 1826 1848 1938 2031 2112 2199 2274 2333 2337 2337 2407 2437 2507 2604 2676 2734 2773 2828 2927 3009 3010 3086 3152 3172 3179 3267 3329 3422 3489 3498 3510 3606 3650 3660 3753 3790 

Array before sorting: 40 46 9 29 96 86 78 91 18 85 44 22 10 70 73 89 33 20 77 70 38 48 89 98 94 20 91 60 79 44 26 55 79 15 78 36 1 34 54 57 99 30 0 19 19 94 95 85 63 47 18 7 13 86 70 85 20 89 52 89 82 92 89 19 69 62 30 96 0 5 
Array after sorting: 0 0 1 5 7 9 10 13 15 18 18 19 19 19 20 20 20 22 26 29 30 30 33 34 36 38 40 44 44 46 47 48 52 54 55 57 60 62 63 69 70 70 70 73 77 78 78 79 79 82 85 85 85 86 86 89 89 89 89 89 91 91 92 94 94 95 96 96 98 99 

Array before sorting: 3392 3378 3370 3292 3271 3235 3225 3215 3212 3122 3049 3004 2987 2933 2896 2850 2789 2773 2739 2656 2585 2534 2452 2379 2306 2277 2178 2109 2087 2078 2070 2054 1967 1904 1856 1774 1684 1666 1665 1654 1641 1627 1559 1501 1433 1385 1371 1334 1334 1305 1216 1190 1094 1029 958 873 794 752 663 593 506 461 461 364 287 277 199 185 87 48 
Array after sorting: 48 87 185 199 277 287 364 461 461 506 593 663 752 794 873 958 1029 1094 1190 1216 1305 1334 1334 1371 1385 1433 1501 1559 1627 1641 1654 1665 1666 1684 1774 1856 1904 1967 2054 2070 2078 2087 2109 2178 2277 2306 2379 2452 2534 2585 2656 2739 2773 2789 2850 2896 2933 2987 3004 3049 3122 3212 3215 3225 3235 3271 3292 3370 3378 3392 


Array before sorting: 47 55 84 111 161 202 279 378 475 533 546 606 670 754 754 763 794 834 863 931 962 988 1085 1175 1272 1352 1364 1425 1500 1542 1574 1594 1617 1657 1754 1812 1822 1918 2011 2047 2128 2214 2244 2252 2253 2292 2380 2424 2511 2559 2580 2616 2688 2723 2818 2823 2913 2962 2981 3077 3092 3186 3194 3247 3312 3404 3480 3517 3610 3693 3759 3794 3862 3885 3894 3921 3956 3980 4073 4168 
Array after sorting: 47 55 84 111 161 202 279 378 475 533 546 606 670 754 754 763 794 834 863 931 962 988 1085 1175 1272 1352 1364 1425 1500 1542 1574 1594 1617 1657 1754 1812 1822 1918 2011 2047 2128 2214 2244 2252 2253 2292 2380 2424 2511 2559 2580 2616 2688 2723 2818 2823 2913 2962 2981 3077 3092 3186 3194 3247 3312 3404 3480 3517 3610 3693 3759 3794 3862 3885 3894 3921 3956 3980 4073 4168 

Array before sorting: 21 5 69 29 41 80 87 43 16 96 65 86 14 56 19 14 27 10 79 76 51 33 44 96 96 79 80 80 60 13 1 7 19 58 67 80 48 65 64 74 50 78 76 96 41 71 45 88 95 68 16 4 21 55 33 77 23 62 41 55 78 68 33 73 92 80 38 99 32 70 30 79 52 0 96 94 49 4 99 60 
Array after sorting: 0 1 4 4 5 7 10 13 14 14 16 16 19 19 21 21 23 27 29 30 32 33 33 33 38 41 41 41 43 44 45 48 49 50 51 52 55 55 56 58 60 60 62 64 65 65 67 68 68 69 70 71 73 74 76 76 77 78 78 79 79 79 80 80 80 80 80 86 87 88 92 94 95 96 96 96 96 96 99 99 

Array before sorting: 4357 4308 4226 4133 4086 4025 3939 3866 3861 3768 3728 3680 3637 3604 3587 3579 3506 3493 3401 3309 3257 3212 3162 3137 3120 3069 2982 2908 2869 2779 2683 2611 2605 2511 2453 2412 2333 2262 2201 2103 2004 1927 1839 1767 1751 1723 1694 1606 1514 1473 1431 1333 1252 1158 1139 1108 1101 1016 996 971 941 908 816 764 758 711 627 594 508 459 400 352 316 248 151 149 124 104 94 8 
Array after sorting: 8 94 104 124 149 151 248 316 352 400 459 508 594 627 711 758 764 816 908 941 971 996 1016 1101 1108 1139 1158 1252 1333 1431 1473 1514 1606 1694 1723 1751 1767 1839 1927 2004 2103 2201 2262 2333 2412 2453 2511 2605 2611 2683 2779 2869 2908 2982 3069 3120 3137 3162 3212 3257 3309 3401 3493 3506 3579 3587 3604 3637 3680 3728 3768 3861 3866 3939 4025 4086 4133 4226 4308 4357 


Array before sorting: 27 125 181 199 295 342 391 425 457 461 487 535 576 601 602 691 774 834 889 949 991 1070 1157 1248 1262 1346 1426 1518 1522 1615 1668 1699 1779 1829 1910 1961 2026 2040 2127 2224 2282 2312 2364 2367 2373 2409 2455 2526 2548 2582 2620 2632 2680 2766 2783 2809 2892 2975 3031 3075 3140 3199 3250 3285 3376 3406 3433 3463 3477 3553 3629 3673 3692 3775 3832 3868 3922 3974 4030 4101 4128 4182 4182 4227 4263 4336 4403 4465 4527 4546 
Array after sorting: 27 125 181 199 295 342 391 425 457 461 487 535 576 601 602 691 774 834 889 949 991 1070 1157 1248 1262 1346 1426 1518 1522 1615 1668 1699 1779 1829 1910 1961 2026 2040 2127 2224 2282 2312 2364 2367 2373 2409 2455 2526 2548 2582 2620 2632 2680 2766 2783 2809 2892 2975 3031 3075 3140 3199 3250 3285 3376 3406 3433 3463 3477 3553 3629 3673 3692 3775 3832 3868 3922 3974 4030 4101 4128 4182 4182 4227 4263 4336 4403 4465 4527 4546 

Array before sorting: 10 33 48 62 21 53 31 48 16 93 11 84 93 46 3 75 86 53 7 55 79 98 93 42 99 47 47 68 26 93 5 23 71 61 40 89 71 16 50 91 10 21 46 32 91 32 1 57 94 41 13 93 30 27 65 12 44 70 43 6 90 86 81 97 17 22 54 73 6 57 58 87 94 6 75 56 6 96 85 64 66 60 3 70 11 2 17 15 54 43 
Array after sorting: 1 2 3 3 5 6 6 6 6 7 10 10 11 11 12 13 15 16 16 17 17 21 21 22 23 26 27 30 31 32 32 33 40 41 42 43 43 44 46 46 47 47 48 48 50 53 53 54 54 55 56 57 57 58 60 61 62 64 65 66 68 70 70 71 71 73 75 75 79 81 84 85 86 86 87 89 90 91 91 93 93 93 93 93 94 94 96 97 98 99 

Array before sorting: 4424 4389 4314 4271 4187 4110 4100 4035 3966 3873 3871 3825 3765 3707 3702 3626 3533 3516 3442 3433 3383 3373 3295 3197 3171 3072 2976 2949 2888 2869 2837 2817 2726 2707 2611 2611 2560 2485 2447 2364 2351 2254 2217 2184 2102 2032 1999 1995 1992 1946 1891 1884 1880 1793 1764 1744 1690 1600 1565 1504 1419 1362 1280 1275 1239 1231 1212 1122 1100 1014 937 857 838 744 729 721 674 667 649 572 483 434 361 334 334 245 215 155 122 58 
Array after sorting: 58 122 155 215 245 334 334 361 434 483 572 649 667 674 721 729 744 838 857 937 1014 1100 1122 1212 1231 1239 1275 1280 1362 1419 1504 1565 1600 1690 1744 1764 1793 1880 1884 1891 1946 1992 1995 1999 2032 2102 2184 2217 2254 2351 2364 2447 2485 2560 2611 2611 2707 2726 2817 2837 2869 2888 2949 2976 3072 3171 3197 3295 3373 3383 3433 3442 3516 3533 3626 3702 3707 3765 3825 3871 3873 3966 4035 4100 4110 4187 4271 4314 4389 4424 


Array before sorting: 1 43 89 162 181 216 240 339 409 494 566 619 664 704 731 782 797 890 929 1016 1017 1071 1124 1137 1211 1237 1293 1345 1426 1467 1504 1515 1515 1577 1668 1733 1769 1800 1851 1878 1944 2012 2039 2120 2174 2240 2316 2323 2327 2369 2420 2462 2505 2573 2603 2629 2649 2732 2816 2847 2922 2951 2984 3034 3093 3141 3153 3248 3323 3349 3381 3441 3517 3605 3633 3693 3783 3834 3875 3948 3968 3981 4018 4048 4137 4167 4184 4195 4206 4267 4325 4410 4458 4555 4587 4667 4757 4852 4917 4965 
Array after sorting: 1 43 89 162 181 216 240 339 409 494 566 619 664 704 731 782 797 890 929 1016 1017 1071 1124 1137 1211 1237 1293 1345 1426 1467 1504 1515 1515 1577 1668 1733 1769 1800 1851 1878 1944 2012 2039 2120 2174 2240 2316 2323 2327 2369 2420 2462 2505 2573 2603 2629 2649 2732 2816 2847 2922 2951 2984 3034 3093 3141 3153 3248 3323 3349 3381 3441 3517 3605 3633 3693 3783 3834 3875 3948 3968 3981 4018 4048 4137 4167 4184 4195 4206 4267 4325 4410 4458 4555 4587 4667 4757 4852 4917 4965 

Array before sorting: 92 92 27 0 10 18 72 21 51 69 4 14 39 84 20 82 57 63 39 24 47 45 9 58 10 52 60 59 38 59 27 84 42 56 26 15 13 55 76 79 14 6 37 0 59 73 81 89 19 39 66 97 97 38 80 32 79 83 53 3 50 56 97 84 65 26 46 39 69 0 89 86 47 75 61 42 82 87 67 64 58 19 31 3 73 3 60 54 41 45 18 97 92 90 39 68 82 64 69 0 
Array after sorting: 0 0 0 0 3 3 3 4 6 9 10 10 13 14 14 15 18 18 19 19 20 21 24 26 26 27 27 31 32 37 38 38 39 39 39 39 39 41 42 42 45 45 46 47 47 50 51 52 53 54 55 56 56 57 58 58 59 59 59 60 60 61 63 64 64 65 66 67 68 69 69 69 72 73 73 75 76 79 79 80 81 82 82 82 83 84 84 84 86 87 89 89 90 92 92 92 97 97 97 97 

Array before sorting: 4483 4416 4344 4330 4302 4271 4259 4252 4229 4229 4157 4130 4112 4075 4027 3949 3876 3795 3716 3676 3635 3611 3526 3468 3420 3326 3233 3217 3144 3122 3104 3089 2996 2936 2899 2860 2817 2780 2763 2690 2628 2594 2559 2532 2445 2437 2424 2421 2352 2337 2297 2261 2201 2106 2043 1961 1912 1898 1878 1795 1757 1731 1694 1652 1600 1558 1552 1525 1426 1374 1316 1249 1228 1177 1119 1110 1064 1031 966 922 886 866 814 808 769 694 609 555 549 483 450 441 342 300 261 227 191 155 115 92 
Array after sorting: 92 115 155 191 227 261 300 342 441 450 483 549 555 609 694 769 808 814 866 886 922 966 1031 1064 1110 1119 1177 1228 1249 1316 1374 1426 1525 1552 1558 1600 1652 1694 1731 1757 1795 1878 1898 1912 1961 2043 2106 2201 2261 2297 2337 2352 2421 2424 2437 2445 2532 2559 2594 2628 2690 2763 2780 2817 2860 2899 2936 2996 3089 3104 3122 3144 3217 3233 3326 3420 3468 3526 3611 3635 3676 3716 3795 3876 3949 4027 4075 4112 4130 4157 4229 4229 4252 4259 4271 4302 4330 4344 4416 4483 


