Array before sorting: 6506	6064	5465	5127	4516	3674	2912	2039	1623	931	
Array after sorting: 931	1623	2039	2912	3674	4516	5127	5465	6064	6506	

Array before sorting: 95	781	927	397	811	789	160	806	985	15	
Array after sorting: 15	95	160	397	781	789	806	811	927	985	

Array before sorting: 827	1468	1125	2357	0	1041	1810	1280	2695	0	
Array after sorting: 0	0	827	1041	1125	1280	1468	1810	2357	2695	


Array before sorting: 11879	10952	10493	10080	9672	9181	8414	7476	7468	6587	5824	5529	5068	4111	3419	3042	2447	1968	1313	861	
Array after sorting: 861	1313	1968	2447	3042	3419	4111	5068	5529	5824	6587	7468	7476	8414	9181	9672	10080	10493	10952	11879	

Array before sorting: 427	541	715	237	746	415	0	846	88	221	847	319	298	776	13	129	804	872	897	312	
Array after sorting: 0	13	88	129	221	237	298	312	319	415	427	541	715	746	776	804	846	847	872	897	

Array before sorting: 4	3401	1632	5372	0	247	4221	2809	7159	0	134	3467	2016	6167	0	800	4895	3132	7236	0	
Array after sorting: 0	0	0	0	4	134	247	800	1632	2016	2809	3132	3401	3467	4221	4895	5372	6167	7159	7236	


Array before sorting: 14058	13996	13968	13368	13041	12574	12265	11650	10920	10262	9617	9283	8555	8146	7510	7405	6495	5618	4962	4129	4106	3810	3540	3280	2743	2292	1962	1758	1183	819	
Array after sorting: 819	1183	1758	1962	2292	2743	3280	3540	3810	4106	4129	4962	5618	6495	7405	7510	8146	8555	9283	9617	10262	10920	11650	12265	12574	13041	13368	13968	13996	14058	

Array before sorting: 976	87	835	691	500	983	441	655	515	736	414	393	324	760	48	463	466	31	208	375	296	172	238	802	542	646	644	118	843	842	
Array after sorting: 31	48	87	118	172	208	238	296	324	375	393	414	441	463	466	500	515	542	644	646	655	691	736	760	802	835	842	843	976	983	

Array before sorting: 776	3045	0	1817	9957	5599	0	1695	8800	3983	12769	2058	11137	6930	0	783	3498	0	1842	10516	6253	0	1787	9773	4723	13559	3037	11215	7069	0	
Array after sorting: 0	0	0	0	0	0	776	783	1695	1787	1817	1842	2058	3037	3045	3498	3983	4723	5599	6253	6930	7069	8800	9773	9957	10516	11137	11215	12769	13559	


Array before sorting: 17398	16712	16419	16120	15615	14889	14847	13912	13557	13402	12481	12243	11731	11702	10790	10323	9739	9257	9108	8902	8363	8149	7246	6736	6372	6016	5671	5363	5294	4428	3519	2854	2783	2323	1509	1334	1188	1058	891	332	
Array after sorting: 332	891	1058	1188	1334	1509	2323	2783	2854	3519	4428	5294	5363	5671	6016	6372	6736	7246	8149	8363	8902	9108	9257	9739	10323	10790	11702	11731	12243	12481	13402	13557	13912	14847	14889	15615	16120	16419	16712	17398	

Array before sorting: 184	656	372	708	836	498	247	704	469	648	271	596	215	926	195	728	36	729	321	221	998	20	476	251	493	465	931	79	184	224	784	802	41	884	902	379	338	951	75	47	
Array after sorting: 20	36	41	47	75	79	184	184	195	215	221	224	247	251	271	321	338	372	379	465	469	476	493	498	596	648	656	704	708	728	729	784	802	836	884	902	926	931	951	998	

Array before sorting: 295	8303	5281	13647	0	2533	10885	6653	16452	0	1620	9617	5841	15123	0	4306	12141	7817	16756	0	736	8708	5706	14597	0	3462	11745	6864	16461	0	2496	10308	6377	15874	0	4800	12971	8080	17024	0	
Array after sorting: 0	0	0	0	0	0	0	0	295	736	1620	2496	2533	3462	4306	4800	5281	5706	5841	6377	6653	6864	7817	8080	8303	8708	9617	10308	10885	11745	12141	12971	13647	14597	15123	15874	16452	16461	16756	17024	


Array before sorting: 27244	26326	25561	25418	24909	24122	23924	23633	23492	22533	22088	21326	21179	20373	19663	18780	18107	17213	16848	16329	15382	15151	15139	14677	14475	14403	14088	13593	12647	11806	10909	10023	9589	9520	9237	8515	8023	7032	6521	5770	5231	5185	4199	3757	2851	2803	1981	1883	947	432	
Array after sorting: 432	947	1883	1981	2803	2851	3757	4199	5185	5231	5770	6521	7032	8023	8515	9237	9520	9589	10023	10909	11806	12647	13593	14088	14403	14475	14677	15139	15151	15382	16329	16848	17213	18107	18780	19663	20373	21179	21326	22088	22533	23492	23633	23924	24122	24909	25418	25561	26326	27244	

Array before sorting: 677	916	189	667	546	499	278	30	515	716	760	988	640	98	513	938	964	985	0	611	824	584	86	111	529	494	548	465	39	635	734	962	978	674	538	721	655	213	399	77	797	651	456	409	716	378	120	533	256	286	
Array after sorting: 0	30	39	77	86	98	111	120	189	213	256	278	286	378	399	409	456	465	494	499	513	515	529	533	538	546	548	584	611	635	640	651	655	667	674	677	716	716	721	734	760	797	824	916	938	962	964	978	985	988	

Array before sorting: 163	9797	0	4899	12718	0	2831	11581	0	7376	16355	0	24005	10405	0	6382	14590	0	3552	12123	0	9139	23329	16757	0	1087	10288	0	5802	13658	0	3391	12123	0	8362	16640	0	24222	11166	0	7026	15543	0	4092	12562	0	9400	23768	17188	0	
Array after sorting: 0	0	0	0	0	0	0	0	0	0	0	0	0	0	0	0	163	1087	2831	3391	3552	4092	4899	5802	6382	7026	7376	8362	9139	9400	9797	10288	10405	11166	11581	12123	12123	12562	12718	13658	14590	15543	16355	16640	16757	17188	23329	23768	24005	24222	


Array before sorting: 31962	31213	30477	30311	29979	29453	29034	28618	27870	27011	26536	26046	25610	25338	25257	24591	24054	23121	22393	21417	20449	19810	19075	18504	18129	17585	16816	16518	15880	15622	15595	15384	14914	14394	14382	14078	13912	13039	12216	11238	11169	10460	10157	9922	9506	9165	9129	8180	7867	7210	6759	6144	5317	4744	4367	4254	3536	2700	1816	949	
Array after sorting: 949	1816	2700	3536	4254	4367	4744	5317	6144	6759	7210	7867	8180	9129	9165	9506	9922	10157	10460	11169	11238	12216	13039	13912	14078	14382	14394	14914	15384	15595	15622	15880	16518	16816	17585	18129	18504	19075	19810	20449	21417	22393	23121	24054	24591	25257	25338	25610	26046	26536	27011	27870	28618	29034	29453	29979	30311	30477	31213	31962	

Array before sorting: 508	348	480	202	920	273	114	155	909	459	239	349	730	245	424	232	795	902	411	67	665	88	741	430	652	495	289	179	993	340	161	492	86	553	886	422	88	357	955	969	485	391	408	933	672	464	633	414	83	220	64	600	894	188	150	440	251	793	274	696	
Array after sorting: 64	67	83	86	88	88	114	150	155	161	179	188	202	220	232	239	245	251	273	274	289	340	348	349	357	391	408	411	414	422	424	430	440	459	464	480	485	492	495	508	553	600	633	652	665	672	696	730	741	793	795	886	894	902	909	920	933	955	969	993	

Array before sorting: 768	6443	0	3760	16733	9777	0	2460	15880	8391	21330	5270	18584	12014	0	1584	7105	0	4992	17719	10925	0	3296	16254	9333	22226	5730	19397	12934	0	1307	6581	0	4537	16855	10636	0	2527	16217	8826	21571	5706	18856	12434	0	2288	7767	0	5089	18163	11646	0	3451	16538	9667	22228	6086	19904	13261	0	
Array after sorting: 0	0	0	0	0	0	0	0	0	0	0	0	768	1307	1584	2288	2460	2527	3296	3451	3760	4537	4992	5089	5270	5706	5730	6086	6443	6581	7105	7767	8391	8826	9333	9667	9777	10636	10925	11646	12014	12434	12934	13261	15880	16217	16254	16538	16733	16855	17719	18163	18584	18856	19397	19904	21330	21571	22226	22228	


Array before sorting: 37560	36822	36728	36617	36272	35575	35462	34652	34284	33290	32827	31838	31330	30709	30142	29865	29063	28380	27780	26924	26084	26025	25052	24654	23883	23252	22681	22080	21375	20815	20439	20151	19269	18675	18084	17861	17319	16577	15631	14931	14372	14064	13577	13453	13357	12757	12627	12102	11580	11005	10332	9910	9652	9321	8872	8069	7587	7002	6766	6214	5683	5573	4991	4356	3511	2833	2378	1883	983	109	
Array after sorting: 109	983	1883	2378	2833	3511	4356	4991	5573	5683	6214	6766	7002	7587	8069	8872	9321	9652	9910	10332	11005	11580	12102	12627	12757	13357	13453	13577	14064	14372	14931	15631	16577	17319	17861	18084	18675	19269	20151	20439	20815	21375	22080	22681	23252	23883	24654	25052	26025	26084	26924	27780	28380	29063	29865	30142	30709	31330	31838	32827	33290	34284	34652	35462	35575	36272	36617	36728	36822	37560	

Array before sorting: 541	147	210	930	97	987	879	592	819	286	645	923	11	871	474	190	234	621	178	871	439	249	890	499	895	421	92	261	980	345	327	756	780	616	979	437	102	235	655	558	800	331	1	720	120	395	996	686	64	948	819	108	514	87	971	886	21	390	953	790	183	93	390	320	770	863	331	397	701	306	
Array after sorting: 1	11	21	64	87	92	93	97	102	108	120	147	178	183	190	210	234	235	249	261	286	306	320	327	331	331	345	390	390	395	397	421	437	439	474	499	514	541	558	592	616	621	645	655	686	701	720	756	770	780	790	800	819	819	863	871	871	879	886	890	895	923	930	948	953	971	979	980	987	996	

Array before sorting: 849	15499	7246	23483	4270	18819	12010	26590	31400	16741	9026	25426	0	21822	13456	28583	0	1588	16509	8009	25007	31959	20452	12628	27463	0	3871	18593	10557	26005	0	22326	14385	30078	0	1289	16318	7412	24335	4916	19629	12559	26945	31937	17605	9756	25943	0	22252	13971	29574	0	1803	16692	8636	25391	32438	21022	12787	28209	0	4069	18710	11295	26352	0	23200	15097	30789	0	
Array after sorting: 0	0	0	0	0	0	0	0	0	0	849	1289	1588	1803	3871	4069	4270	4916	7246	7412	8009	8636	9026	9756	10557	11295	12010	12559	12628	12787	13456	13971	14385	15097	15499	16318	16509	16692	16741	17605	18593	18710	18819	19629	20452	21022	21822	22252	22326	23200	23483	24335	25007	25391	25426	25943	26005	26352	26590	26945	27463	28209	28583	29574	30078	30789	31400	31937	31959	32438	


Array before sorting: 40248	40052	39158	38633	38397	38169	38159	37935	36966	36830	36463	35579	35185	35047	34770	34077	33311	32357	31448	30753	29937	29740	29120	28770	28379	27773	27077	26941	26668	25831	25609	25060	24972	24527	24438	24298	23896	23287	22556	21769	21387	21050	20856	20359	19448	18989	18791	18050	17226	16505	15972	15229	14753	13791	12978	12897	12199	11308	11110	10383	9851	9182	8752	8111	7579	7369	6768	5883	5318	4457	4343	3884	2986	2486	2108	1766	1315	787	757	548	
Array after sorting: 548	757	787	1315	1766	2108	2486	2986	3884	4343	4457	5318	5883	6768	7369	7579	8111	8752	9182	9851	10383	11110	11308	12199	12897	12978	13791	14753	15229	15972	16505	17226	18050	18791	18989	19448	20359	20856	21050	21387	21769	22556	23287	23896	24298	24438	24527	24972	25060	25609	25831	26668	26941	27077	27773	28379	28770	29120	29740	29937	30753	31448	32357	33311	34077	34770	35047	35185	35579	36463	36830	36966	37935	38159	38169	38397	38633	39158	40052	40248	

Array before sorting: 622	606	70	430	942	381	688	844	217	497	366	387	415	657	420	515	628	111	580	977	752	34	545	97	197	780	381	381	61	414	702	8	820	559	268	581	649	766	665	775	651	179	77	597	642	572	846	489	796	69	217	305	22	256	534	378	624	363	842	656	279	669	34	974	993	881	939	400	233	771	331	180	753	901	897	595	550	105	0	361	
Array after sorting: 0	8	22	34	34	61	69	70	77	97	105	111	179	180	197	217	217	233	256	268	279	305	331	361	363	366	378	381	381	381	387	400	414	415	420	430	489	497	515	534	545	550	559	572	580	581	595	597	606	622	624	628	642	649	651	656	657	665	669	688	702	752	753	766	771	775	780	796	820	842	844	846	881	897	901	939	942	974	977	993	

Array before sorting: 709	16839	7881	24560	0	4561	21144	13133	28794	0	2454	19204	10592	26161	0	5707	23357	14562	29970	0	1807	18258	9027	25530	0	5370	21805	13685	29271	0	3155	19766	12139	27824	0	6526	23858	15504	30856	0	1496	17828	8834	25433	0	4610	21743	13565	29220	0	2957	19277	11518	27136	0	6441	23699	15461	30463	0	2028	18387	9861	25621	0	5620	22677	13780	29517	0	3624	20344	12525	28476	0	7374	24453	16146	31570	0	
Array after sorting: 0	0	0	0	0	0	0	0	0	0	0	0	0	0	0	0	709	1496	1807	2028	2454	2957	3155	3624	4561	4610	5370	5620	5707	6441	6526	7374	7881	8834	9027	9861	10592	11518	12139	12525	13133	13565	13685	13780	14562	15461	15504	16146	16839	17828	18258	18387	19204	19277	19766	20344	21144	21743	21805	22677	23357	23699	23858	24453	24560	25433	25530	25621	26161	27136	27824	28476	28794	29220	29271	29517	29970	30463	30856	31570	


Array before sorting: 43236	42716	42653	41790	41622	40748	39811	39465	38864	37909	37681	37509	37252	36799	36044	35807	35349	34665	34145	34000	33623	33546	33031	32500	32072	31341	31149	31013	30361	29901	29335	29190	28233	27349	27165	26738	26120	25133	24784	23971	23032	22897	22374	21902	21055	20318	20111	19307	18754	18623	17964	17066	16978	16663	16497	16345	15663	15312	14431	13899	13345	12851	12146	11853	11472	11087	10272	10180	9792	9512	9169	8608	8452	7891	7507	7217	7115	6889	6747	6098	6071	5766	5533	5198	4448	3800	2903	1984	1327	928	
Array after sorting: 928	1327	1984	2903	3800	4448	5198	5533	5766	6071	6098	6747	6889	7115	7217	7507	7891	8452	8608	9169	9512	9792	10180	10272	11087	11472	11853	12146	12851	13345	13899	14431	15312	15663	16345	16497	16663	16978	17066	17964	18623	18754	19307	20111	20318	21055	21902	22374	22897	23032	23971	24784	25133	26120	26738	27165	27349	28233	29190	29335	29901	30361	31013	31149	31341	32072	32500	33031	33546	33623	34000	34145	34665	35349	35807	36044	36799	37252	37509	37681	37909	38864	39465	39811	40748	41622	41790	42653	42716	43236	

Array before sorting: 411	234	549	63	522	154	432	349	417	194	112	285	594	547	904	976	887	354	708	156	680	799	794	543	900	148	748	469	127	294	806	824	672	162	941	90	872	517	151	92	11	122	647	933	292	733	302	558	895	342	614	194	331	928	666	613	45	871	144	907	491	287	182	98	818	323	55	374	107	158	159	688	595	207	676	557	107	597	186	465	267	61	304	871	312	3	718	316	755	244	
Array after sorting: 3	11	45	55	61	63	90	92	98	107	107	112	122	127	144	148	151	154	156	158	159	162	182	186	194	194	207	234	244	267	285	287	292	294	302	304	312	316	323	331	342	349	354	374	411	417	432	465	469	491	517	522	543	547	549	557	558	594	595	597	613	614	647	666	672	676	680	688	708	718	733	748	755	794	799	806	818	824	871	871	872	887	895	900	904	907	928	933	941	976	

Array before sorting: 859	16033	6861	24503	0	3943	19387	0	11456	29964	0	1850	16930	8935	27038	0	5980	22277	0	13591	31230	0	1258	16779	7676	26015	0	5283	21038	0	13002	30576	0	2941	18323	0	10445	28566	0	6036	23531	0	14735	32012	0	924	16724	7356	25101	0	4693	20334	0	12265	30084	0	2440	17518	9522	28014	0	5988	23048	0	14449	31850	0	1319	16900	8057	26899	0	5961	21943	0	13508	30797	0	3669	19131	0	11436	29467	0	6645	23565	0	15097	32240	0	
Array after sorting: 0	0	0	0	0	0	0	0	0	0	0	0	0	0	0	0	0	0	0	0	0	0	0	0	0	0	859	924	1258	1319	1850	2440	2941	3669	3943	4693	5283	5961	5980	5988	6036	6645	6861	7356	7676	8057	8935	9522	10445	11436	11456	12265	13002	13508	13591	14449	14735	15097	16033	16724	16779	16900	16930	17518	18323	19131	19387	20334	21038	21943	22277	23048	23531	23565	24503	25101	26015	26899	27038	28014	28566	29467	29964	30084	30576	30797	31230	31850	32012	32240	


Array before sorting: 51065	50316	50150	49154	48863	48082	47949	46951	46602	46216	45657	44695	44383	44071	43753	43522	43332	42901	42763	42749	41828	41554	41512	40860	40269	39408	38579	37790	37713	36952	36819	36092	35716	35320	35207	34358	33798	33547	33413	33083	32307	32275	31790	31206	30585	30458	30127	29658	29414	29071	28919	28776	27871	27063	26586	25719	24764	23982	23054	22285	21418	21390	21038	20206	20169	19803	19011	18948	18447	18035	17997	17055	16273	15720	14863	14436	14161	14147	14093	13938	13636	12848	12108	11114	10198	9446	9118	8177	7231	7177	7004	6018	5047	4147	3222	2786	2366	1592	1145	302	
Array after sorting: 302	1145	1592	2366	2786	3222	4147	5047	6018	7004	7177	7231	8177	9118	9446	10198	11114	12108	12848	13636	13938	14093	14147	14161	14436	14863	15720	16273	17055	17997	18035	18447	18948	19011	19803	20169	20206	21038	21390	21418	22285	23054	23982	24764	25719	26586	27063	27871	28776	28919	29071	29414	29658	30127	30458	30585	31206	31790	32275	32307	33083	33413	33547	33798	34358	35207	35320	35716	36092	36819	36952	37713	37790	38579	39408	40269	40860	41512	41554	41828	42749	42763	42901	43332	43522	43753	44071	44383	44695	45657	46216	46602	46951	47949	48082	48863	49154	50150	50316	51065	

Array before sorting: 793	893	928	801	611	419	473	822	252	970	205	215	240	85	621	283	158	764	140	125	448	146	510	559	311	53	461	960	139	860	128	885	743	957	127	516	414	556	177	280	415	307	738	801	560	474	282	690	520	640	267	198	598	639	681	33	580	184	954	304	351	357	98	885	966	427	647	440	870	601	390	687	248	876	362	243	483	888	668	65	359	120	132	904	574	904	461	755	742	946	419	498	93	291	640	669	783	465	370	701	
Array after sorting: 33	53	65	85	93	98	120	125	127	128	132	139	140	146	158	177	184	198	205	215	240	243	248	252	267	280	282	283	291	304	307	311	351	357	359	362	370	390	414	415	419	419	427	440	448	461	461	465	473	474	483	498	510	516	520	556	559	560	574	580	598	601	611	621	639	640	640	647	668	669	681	687	690	701	738	742	743	755	764	783	793	801	801	822	860	870	876	885	885	888	893	904	904	928	946	954	957	960	966	970	

Array before sorting: 593	18858	0	11625	27610	0	6150	23536	0	14735	31389	0	50527	20589	0	13643	30074	0	8768	25906	0	16278	49145	33351	0	1558	19593	0	12685	28688	0	7694	24541	0	15904	32253	0	52015	21970	0	14254	30992	0	10109	26753	0	17705	49266	34143	0	1117	19486	0	12532	28147	0	6860	23720	0	15145	31417	0	51342	21132	0	13888	30178	0	9423	26489	0	17246	49153	33825	0	2395	20336	0	12806	29404	0	7861	24956	0	16056	33188	0	52783	22697	0	14588	31301	0	10885	26849	0	18158	49898	34681	0	
Array after sorting: 0	0	0	0	0	0	0	0	0	0	0	0	0	0	0	0	0	0	0	0	0	0	0	0	0	0	0	0	0	0	0	0	593	1117	1558	2395	6150	6860	7694	7861	8768	9423	10109	10885	11625	12532	12685	12806	13643	13888	14254	14588	14735	15145	15904	16056	16278	17246	17705	18158	18858	19486	19593	20336	20589	21132	21970	22697	23536	23720	24541	24956	25906	26489	26753	26849	27610	28147	28688	29404	30074	30178	30992	31301	31389	31417	32253	33188	33351	33825	34143	34681	49145	49153	49266	49898	50527	51342	52015	52783	


