54	18	47	44	20	85	43	85	99	48	
18	20	43	44	47	48	54	85	85	99	
44	63	99	5	37	97	84	89	65	93	3	32	33	83	48	52	7	54	28	8	
3	5	7	8	28	32	33	37	44	48	52	54	63	65	83	84	89	93	97	99	
18	32	90	60	9	12	69	51	33	80	84	97	36	6	81	58	36	58	84	65	13	11	82	69	33	9	94	70	21	87	
6	9	9	11	12	13	18	21	32	33	33	36	36	51	58	58	60	65	69	69	70	80	81	82	84	84	87	90	94	97	
73	74	5	96	53	63	15	28	48	31	18	31	54	4	16	49	86	41	74	93	16	92	66	63	97	13	21	60	66	66	89	75	32	46	75	86	74	93	5	43	
4	5	5	13	15	16	16	18	21	28	31	31	32	41	43	46	48	49	53	54	60	63	63	66	66	66	73	74	74	74	75	75	86	86	89	92	93	93	96	97	
25	23	44	34	49	63	93	56	56	20	80	15	34	24	18	53	93	76	99	43	68	88	49	72	52	66	77	29	92	15	72	28	82	29	27	71	46	54	32	43	83	44	26	79	89	6	23	22	76	77	
6	15	15	18	20	22	23	23	24	25	26	27	28	29	29	32	34	34	43	43	44	44	46	49	49	52	53	54	56	56	63	66	68	71	72	72	76	76	77	77	79	80	82	83	88	89	92	93	93	99	
87	52	78	65	45	0	31	52	48	76	19	8	41	89	76	10	79	96	7	59	51	26	18	53	87	33	95	18	69	4	57	97	98	56	50	29	9	65	98	35	19	33	52	14	27	13	12	3	79	6	54	37	61	3	94	2	22	95	29	70	
0	2	3	3	4	6	7	8	9	10	12	13	14	18	18	19	19	22	26	27	29	29	31	33	33	35	37	41	45	48	50	51	52	52	52	53	54	56	57	59	61	65	65	69	70	76	76	78	79	79	87	87	89	94	95	95	96	97	98	98	
28	46	8	15	50	90	98	50	10	53	0	9	6	18	58	40	23	42	12	87	35	84	38	86	16	10	56	65	83	65	45	68	22	69	4	57	12	61	5	33	12	43	31	30	71	17	55	91	99	48	41	48	78	29	49	95	34	43	75	54	78	48	18	6	98	81	99	14	61	44	
0	4	5	6	6	8	9	10	10	12	12	12	14	15	16	17	18	18	22	23	28	29	30	31	33	34	35	38	40	41	42	43	43	44	45	46	48	48	48	49	50	50	53	54	55	56	57	58	61	61	65	65	68	69	71	75	78	78	81	83	84	86	87	90	91	95	98	98	99	99	
72	17	26	11	0	24	11	6	88	1	5	60	91	12	96	42	29	94	66	71	76	58	34	57	7	1	75	29	71	7	72	25	69	44	64	32	33	24	30	51	26	14	27	5	52	50	29	87	49	20	50	41	25	97	80	76	45	4	8	40	53	32	61	83	90	65	22	65	30	83	40	81	65	12	37	56	66	20	0	88	
0	0	1	1	4	5	5	6	7	7	8	11	11	12	12	14	17	20	20	22	24	24	25	25	26	26	27	29	29	29	30	30	32	32	33	34	37	40	40	41	42	44	45	49	50	50	51	52	53	56	57	58	60	61	64	65	65	65	66	66	69	71	71	72	72	75	76	76	80	81	83	83	87	88	88	90	91	94	96	97	
55	48	1	42	24	7	32	11	34	8	8	74	86	66	8	54	39	67	32	13	32	72	90	46	82	80	47	30	81	31	77	76	98	8	82	32	56	61	75	19	7	77	39	79	92	30	70	17	29	78	65	7	47	1	19	53	30	48	44	6	40	32	36	95	2	59	68	63	74	20	83	27	33	15	34	63	34	97	70	7	70	62	46	32	78	65	33	56	47	98	
1	1	2	6	7	7	7	7	8	8	8	8	11	13	15	17	19	19	20	24	27	29	30	30	30	31	32	32	32	32	32	32	33	33	34	34	34	36	39	39	40	42	44	46	46	47	47	47	48	48	53	54	55	56	56	59	61	62	63	63	65	65	66	67	68	70	70	70	72	74	74	75	76	77	77	78	78	79	80	81	82	82	83	86	90	92	95	97	98	98	
0	14	73	29	7	58	6	3	87	74	27	38	10	21	24	98	14	51	78	26	58	30	31	94	60	6	11	69	70	61	46	50	68	78	38	73	37	45	78	78	42	4	98	46	23	4	76	2	61	15	36	20	89	8	92	84	24	2	77	68	65	18	74	21	12	93	82	56	70	71	80	72	22	18	84	47	21	82	83	27	9	32	76	47	31	46	41	46	53	48	33	29	38	42	84	50	61	20	25	9	
0	2	2	3	4	4	6	6	7	8	9	9	10	11	12	14	14	15	18	18	20	20	21	21	21	22	23	24	24	25	26	27	27	29	29	30	31	31	32	33	36	37	38	38	38	41	42	42	45	46	46	46	46	47	47	48	50	50	51	53	56	58	58	60	61	61	61	65	68	68	69	70	70	71	72	73	73	74	74	76	76	77	78	78	78	78	80	82	82	83	84	84	84	87	89	92	93	94	98	98	
